start=217.900000
speed=1.464100
