start=483.433333
speed=1.771561
