start=4083.625000
speed=1.210000
pause=yes
