start=13.066667
speed=1.464100
pause=yes
